2.9734
2.30264
2.80231
3.34557
3.33171
3.73104
3.5584
2.90284
2.40288
2.65554
2.75779
2.68841
2.90988
3.99927
3.60362
2.88031
2.3218
2.90694
2.65554
2.80231
2.90284
2.90284
3.54292
3.60362
2.90284
6.5035
2.98238
2.80231
2.97927
2.87873
3.54292
3.35228
3.47426
2.62435
2.9734
2.1734
2.90988
2.87873
2.90284
3.94676
2.77972
3.02247
1.74057
0.479422
0.492882
0.489785
0.514461
0.485438
0.533735
0.559319
0.476182
0.485291
0.484078
0.538157
0.506213
0.512253
0.506213
0.536319
0.498715
0.498715
0.479422
0.485036
0.4916
0.514461
0.514461
0.514461
0.514461
0.498715
0.483953
0.900202
0.900202
0.900202
0.900202
0.50613
0.533735
0.498715
0.483711
0.479422
0.483252
0.48197
0.50613
0.514461
0.514461
0.514461
0.498715
0.486112
0.924201
1.08062
0.858347
0.686043
1.83172
0.533416
0.602649
0.398428
0.571881
0.753997
0.832506
0.91038
0.3921
1.42407
0.492081
0.479563
0.406549
0.886736
1.03705
1.15103
0.986834
0.39859
0.47107
0.490825
0.476556
0.754496
1.02797
0.764065
1.43936
0.52214
0.637197
0.574108
0.574099
0.638661
0.87877
0.722927
0.946674
0.727406
0.391549
0.469778
0.495471
0.385361
0.492656
4.21815
4.52223
4.40697
6.79406
2.02585
2.10025
2.00346
9.90242
0.942971
20.1531
1.80406
7.1032
4.03349
1.67996
3.97042
2.58619
0.899157
1.76616
14.0299
2.06098
2.0698
1.69438
1.46073
1.46963
10.9555
1.1963
24.6402
4.00756
3.32877
5.85482
1.4519
2.67017
5.29141
0.960241
5.03944
1.74748
4.22423
4.30323
14.8743
5.5364
5.14589
2.68043
1.22115
0.833252
1.09717
3.57585
1.86345
0.39815
0.421863
0.396199
0.377104
0.390835
3.57585
1.10914
1.37954
0.810518
0.507977
0.397658
0.329591
0.390835
0.764173
0.802577
0.990441
0.974034
0.411881
0.397658
0.396199
0.348043
0.343322
0.980089
0.960189
1.53392
0.360376
0.397658
0.445567
0.380604
0.380604
0.699206
0.962066
1.00963
0.996817
0.423814
0.383927
0.346645
0.366873
0.390835
3.51649
4.24047
4.56501
3.43591
0.996184
1.07463
0.444759
0.40022
0.445353
11.8895
2.77595
2.77595
2.38864
1.00269
0.459289
0.425769
0.404058
3.56075
2.75627
2.95991
3.81521
0.982076
0.73898
0.410654
0.402499
0.396719
11.329
3.05546
2.69839
0.869529
0.860833
0.637689
0.40022
0.404058
3.91628
3.08578
4.65585
3.65072
3.16163
1.04498
0.488266
0.451133
0.473042
2.87682
15.3025
6.21397
18.8724
5.84565
30.3954
3.93928
19.9607
3.88697
7.78758
2.47075
27.6251
30.4137
125.334
45.6116
38.8849
2.51842
5.90954
5.84565
2.09082
6.46352
27.9374
130.186
13.3655
59.373
4.8819
28.9399
6.6871
9.51357
117.068
138.593
11.8676
61.304
3.75238
7.80676
2.09082
18.9166
28.3234
79.5335
82.4692
14.618
13.4025
2.09082
33.17
79.3885
31.7985
79.0238
6.60305
5.4643
4.65228
79.1281
3.78107
118.573
23.0703
81.0315
48.2861
96.8301
17.331
47.9471
3.1765
110.078
55.8333
5.29305
13.1796
23.6493
106.796
8.00292
94.4882
6.25257
245.83
15.2187
81.0315
43.4677
95.1871
8.60033
40.8368
4.03046
26.8282
5.45368
72.9855
74.596
106.682
53.6203
18.5587
73.7505
3.21052
1.73035
3.62854
1.3381
1.28339
2.31775
4.51102
0.912769
1.38576
1.62875
4.05449
1.3381
4.47785
3.36821
1.55598
1.00504
0.974408
0.754437
1.93399
1.78897
1.07785
1.24856
1.04025
1.19023
0.922928
0.928691
1.21136
3.62381
1.48507
1.22582
1.89767
1.05903
0.972959
0.896076
0.726244
3.60497
1.24072
1.61014
2.09828
3.92698
1.26004
1.20389
0.850903
0.711409
1.38352
2.80929
0.796997
1.26932
0.936814
1.03947
0.980207
0.764492
0.708881
1.52491
0.836452
1.08254
1.12954
0.987187
1.69207
0.749176
0.770499
1.54533
1.94878
0.896989
1.19949
0.948613
0.965063
0.877556
0.764492
0.710556
1.67741
0.774715
0.908041
1.06832
1.15604
0.868781
1.17407
0.725817
1.43354
1.63992
0.859052
1.00399
1.0678
1.1807
0.826084
0.988874
0.725817
3.59214
1.24342
1.02707
0.940729
1.00303
1.17185
1.13721
0.652735
0.460231
2.12797
1.03604
1.28971
0.962701
1.18112
1.04306
0.674519
0.41104
0.839596
1.0952
1.05265
0.966854
0.883549
1.15094
0.907248
0.878684
0.538729
1.21081
0.787027
1.14388
0.832738
1.17185
0.796746
0.698592
0.601914
1.24274
0.908161
2.45466
1.3442
0.82044
0.921741
0.70385
0.876746
0.880491
15.4628
2.21852
2.03578
2.04681
1.76006
2.80166
1.89283
2.34897
8.23228
2.76948
2.03578
1.75634
7.57687
1.96135
2.21502
1.97089
2.35138
1.90969
1.75651
1.66653
1.53986
1.77731
3.50751
1.77731
2.29352
2.21363
2.03793
1.53376
1.53986
1.78949
2.66071
1.89911
1.67672
2.21363
3.75765
1.53376
4.30068
1.88101
3.54711
5.68286
7.24183
2.59725
6.77184
0.632262
1.5743
0.941349
0.785099
0.425492
1.18104
0.510642
0.392701
0.392701
2.24757
5.65935
0.280288
0.43198
1.18104
0.425492
0.422938
0.395254
0.518995
2.24757
0.753338
0.679867
0.471838
0.486024
0.448718
0.439047
0.439047
2.24757
2.11183
0.665247
0.471838
0.522761
0.954834
0.681893
0.471838
1.53541
0.595975
1.96886
0.595915
0.399889
0.463907
0.668382
0.635548
0.41087
8.62246
13.0116
3.8489
6.1985
5.10297
3.33232
2.95361
4.15999
1.54503
5.12194
1.68345
7.37205
11.8198
23.7651
3.78537
5.58405
2.15114
8.49698
2.27116
1.45463
2.95361
6.91946
17.429
1.68345
4.97332
1.28633
12.944
12.2415
17.1521
10.4276
23.5267
1.68345
4.04778
1.61654
8.72351
1.45463
14.1523
16.501
13.2802
13.4279
3.02829
1.68345
1.28633
0.491075
0.491075
0.491075
0.495503
0.491075
0.491075
0.491075
0.491075
0.491075
0.491075
0.495503
0.491075
0.491075
0.495503
0.490984
0.490984
0.490984
0.491075
0.495503
0.495503
0.491075
0.491075
0.495503
0.490984
0.490984
0.491075
0.491075
0.491075
0.491075
0.491075
0.491075
0.491075
0.491075
0.491075
0.495503
0.491075
0.524938
0.495503
0.495503
0.491075
0.493846
0.490984
0.493846
1.83065
0.889537
1.10805
0.887206
0.460993
0.414506
0.414506
0.414506
0.423234
3.33305
1.12451
0.882386
0.460993
0.414506
0.414506
0.414506
0.423234
0.868759
3.83013
1.07094
0.887206
0.490267
0.414506
0.414506
0.414506
0.423234
2.26392
1.14173
0.789401
0.372998
0.414506
0.414506
0.414506
0.423234
0.651885
1.12911
1.18362
0.864726
0.460993
0.414506
0.414506
0.414506
0.423234
0.504978
0.498352
0.498352
0.535398
0.494819
0.49192
0.49192
0.493356
0.49192
0.498352
0.498352
0.498352
0.494819
0.495146
0.49192
0.49192
0.496937
0.490971
0.535398
0.498352
0.498352
0.49192
0.494819
0.490211
0.49192
0.49192
0.577209
0.498352
0.498352
0.544887
0.494819
0.495146
0.512941
0.49192
0.504978
0.498352
0.498352
0.498352
0.490211
0.494819
0.49192
0.49104
0.53984
0.954991
1.04639
1.19693
1.80675
0.572836
1.9149
0.850382
0.600946
0.616199
1.64033
2.33698
1.49721
0.725527
1.18144
0.81974
0.534895
1.00457
0.804374
0.826718
1.01477
1.36016
0.479299
0.763525
0.441283
0.474531
0.563374
1.10786
1.31541
1.11236
1.29474
1.08136
0.865378
0.7522
0.635053
0.880645
1.76501
1.25139
1.25479
1.80878
0.848928
0.439404
1.61102
0.596542
4.34174
1.06186
1.01114
1.01491
1.0137
1.56808
1.03643
1.0786
1.07604
2.38388
1.0629
1.04957
1.07604
1.33438
1.10152
1.07604
1.07604
1.63686
0.997912
1.06881
1.02693
1.0137
1.11737
1.0559
1.03738
1.07982
1.00424
1.02249
1.01491
1.02626
1.49664
1.21628
1.20803
1.01114
4.29588
1.03634
1.07604
1.83645
1.07982
3.03159
1.28771
1.01491
1.01114
3.70057
47.0746
1.99124
2.33292
1.57635
1.57635
1.57635
1.57635
1.93484
4.43169
1.99124
1.57635
3.78389
2.33292
3.15432
3.15432
1.57635
3.42861
1.57635
2.33292
1.99124
1.93484
2.30208
2.33292
2.33292
1.93484
2.33292
2.33292
1.57635
1.57635
3.23104
2.33292
1.99124
1.57635
2.44611
1.57635
2.68666
2.33292
2.33292
2.74425
2.33292
1.57635
1.57635
9.28183
1.20896
1.21847
1.21847
1.21847
1.21847
1.21847
0.99505
0.903248
1.23148
1.40859
1.21847
1.40859
1.21847
1.21847
0.99505
0.883294
1.7915
1.20896
1.21847
1.21847
1.21847
1.21847
1.21847
0.99505
0.906208
1.23148
1.21847
1.21847
1.40859
1.21847
1.21847
0.99505
0.936631
2.99862
1.20896
1.21847
1.21847
1.21847
1.21847
1.21847
0.976158
0.849911
2.88262
5.92367
8.95507
8.73929
9.26311
10.6953
10.8866
11.5872
9.12483
7.00331
6.43406
8.14536
7.32004
10.0851
11.8731
9.30386
4.98748
4.0646
6.9074
6.52933
7.55169
9.02098
8.94183
10.1503
8.95704
8.56029
6.04865
7.4431
8.97734
10.3473
10.1619
11.1703
11.5929
8.11274
2.98753
4.8785
7.25792
7.31321
10.0466
12.8734
9.51254
10.6672
5.17644
57.0505
72.8876
19.6366
20.1458
6.94324
5.40615
6.91135
41.955
19.6434
140.935
52.4502
76.7508
68.4341
86.9516
15.6239
18.4686
7.49198
59.6196
41.8219
5.35134
11.0034
61.45
88.5963
8.80455
49.9758
14.7303
163.141
72.8315
69.2235
255.374
82.2318
16.0106
20.3305
14.824
31.2897
7.22109
76.9541
80.7564
120.421
104.433
28.4087
54.7502
6.69836
7.80626
54.0856
30.9958
29.1396
1.88463
1.62636
1.70903
1.72661
1.60905
34.0833
10.6442
10.2623
6.9169
1.70903
1.72401
1.72661
1.60905
11.0343
19.3458
2.66995
5.54007
1.88463
1.67546
1.72401
1.62636
1.60905
28.828
10.6442
20.5662
20.1984
1.77572
1.67546
1.70903
1.60905
15.1508
3.75315
30.9958
12.0696
12.3361
1.76685
1.67546
4.37719
1.60905
3.3452
1.87151
0.7955
0.990481
0.795055
0.992884
1.04952
0.575221
1.01322
14.2653
0.788263
0.966616
1.07191
0.952458
0.933016
0.580121
0.627833
0.676189
9.86712
0.79568
0.802931
0.796139
0.981284
0.863514
0.58968
0.585056
15.912
0.859312
0.795055
0.933016
0.997273
0.933016
0.575221
0.812928
0.959353
1.19628
0.867189
1.02195
0.953913
1.02571
0.97161
0.757898
0.598093
3.72423
2.99332
5.87007
12.1208
1.21505
1.21505
1.18301
1.21505
1.35365
12.1208
1.21505
3.97488
1.38166
1.38166
9.64401
12.1208
1.15499
2.79216
19.5467
1.38166
2.16603
1.18301
2.16603
2.86468
5.03482
1.42274
12.1208
1.38166
2.95309
5.03677
1.38166
12.1208
1.53085
1.15499
1.73495
1.18301
6.8741
4.11617
3.82009
1.42274
3.81107
1.53085
1.15499
3.8591
5.23923
6.3932
5.73463
5.67623
6.58518
5.12027
2.93312
2.10999
6.12656
4.54886
6.5513
6.00964
5.42944
3.49362
2.52129
1.70657
5.10683
4.55615
5.25918
6.29931
7.20066
6.02558
3.58623
3.47308
3.12223
6.34356
5.60505
5.98222
8.0566
24.7126
3.87153
3.41308
2.14355
6.52637
6.3932
6.92653
6.985
6.43491
7.92687
5.9811
3.94177
2.31122
5.48801
6.27189
2.22394
2.58928
2.44265
2.87624
2.42245
12.7457
6.27189
6.27189
1.94235
3.4662
16.6244
6.27189
6.27189
21.4059
2.45392
2.9707
3.51955
1.94235
2.0443
3.61745
6.27189
6.27189
15.0064
3.71779
6.27189
3.36987
6.27189
6.27189
8.00948
6.27189
12.7457
26.0637
5.48801
2.11048
3.36987
6.27189
2.46915
9.61809
14.5576
18.2956
2.41069
4.75922
2.97562
2.74721
3.38792
0.900135
0.867467
0.961274
2.38583
0.895675
4.4625
3.00255
3.00807
2.76702
2.60501
0.895675
0.94995
0.865331
2.31575
2.81111
1.92269
2.82674
0.995293
2.16094
0.971106
0.995293
0.895675
2.04317
2.13447
4.92439
2.47176
0.895675
0.900135
1.81971
0.895675
1.79767
1.52385
2.22748
3.01441
2.94856
2.68383
2.13061
0.971106
0.886487
0.495012
0.531673
0.504549
0.5996
0.498225
0.498225
0.498225
0.498225
0.498225
0.500406
0.5037
0.493532
0.498225
0.498225
0.498225
0.498225
0.498225
0.493195
0.493195
0.5037
0.531673
0.498225
0.498225
0.498225
0.498225
0.498225
0.517311
0.504549
0.5037
0.498225
0.5
0.498225
0.508299
0.498225
0.496266
0.500406
0.504549
0.517314
0.498225
0.498225
0.495012
0.495012
0.498225
2.87598
2.42426
1.47099
2.13284
0.998249
0.880012
1.5832
0.58283
0.480421
3.41326
2.13284
3.41326
2.02087
1.65319
1.61165
0.58283
0.544762
1.22589
2.03399
1.63318
1.526
0.949892
1.23774
1.21661
0.813805
0.805523
1.96988
1.46325
1.46325
0.878109
1.03305
0.719571
0.660154
0.673359
2.87298
1.69564
1.47733
1.5222
1.19923
1.422
1.09097
0.65652
0.467723
0.900542
0.67751
0.465773
0.653845
1.25245
0.983208
1.0063
0.827131
1.07522
0.781755
0.763422
0.891513
1.17196
0.998377
0.718912
0.921594
0.462943
0.395932
0.949956
0.691641
0.861596
0.917674
0.988446
0.850886
0.676708
0.426758
1.74515
2.43292
0.809367
1.30788
0.886418
0.817521
0.735712
0.846861
0.582364
1.37775
0.659807
0.764744
1.14194
2.14435
1.59
0.88482
0.416225
0.657192
0.744795
0.640753
0.597754
0.534371
0.484819
0.63988
0.484819
0.484819
0.858764
1.76521
0.473361
0.534371
0.435974
0.435974
0.484819
0.479794
0.623034
0.623034
0.563596
0.744795
0.529346
0.479794
0.479794
0.479794
0.479794
1.56387
0.432892
1.75581
0.393907
0.484819
0.484819
0.527808
0.484819
1.42528
0.533951
0.747132
0.55167
0.632944
0.572504
0.580438
0.424367
0.615276
1.71592
1.80473
1.39329
1.44594
0.80673
2.23084
0.91251
0.479971
0.59472
1.03631
1.41835
1.15946
0.714201
0.77946
0.699586
0.746218
0.707077
1.11476
1.33892
1.43297
1.31494
0.745142
0.731643
1.25623
2.35168
0.456666
1.45547
1.14773
1.32719
0.822407
0.898542
0.911907
0.815306
0.479971
1.14704
3.27789
5.45128
1.46042
1.05552
1.37698
0.555106
0.775669
0.479971
0.880402
1.71158
1.0733
3.99565
0.763289
1.08726
1.14383
0.886113
0.652615
1.29399
1.07787
0.763289
1.64414
1.08726
6.1841
1.2938
0.991809
0.763289
0.875217
0.854592
0.843127
0.812646
1.5754
3.2459
1.13771
0.733448
1.41023
0.843127
3.97424
2.93259
1.28528
4.66997
0.886113
0.652615
0.880402
0.795379
1.29399
0.763289
0.854403
1.09591
0.843127
0.886113
0.776473
0.441026
0.811795
0.862691
0.891967
1.06632
1.03473
0.649996
0.585314
1.41151
0.938629
0.869007
0.966897
0.881696
0.89383
0.59163
0.585133
1.42571
0.645162
0.972171
0.917508
1.00434
1.00434
1.14634
0.452515
0.522173
0.454039
0.906383
0.996213
1.06975
1.05
0.960362
0.56414
0.558342
0.522591
18.746
0.959245
1.17877
0.993481
0.916317
0.932484
1.32344
0.585133
0.585544
7.75387
77.2557
48.4657
98.5384
3.02776
3.6137
2.82013
14.075
2.00959
114.567
9.10176
21.5461
17.7902
14.7259
3.45455
5.05892
3.45417
16.0723
88.6943
2.82013
11.5111
3.02776
14.2512
5.65572
9.64442
2.10155
107.656
15.0933
32.7672
63.095
19.585
2.72816
5.56879
2.00959
7.75387
5.05699
57.4845
32.7672
48.4657
29.7846
7.64215
11.8503
2.00959
0.735402
6.05777
2.83178
2.98297
0.488968
0.506819
0.488665
0.484073
0.499036
4.52155
2.76594
2.98218
1.05758
0.469348
0.529896
0.950417
0.527821
4.46368
8.26144
2.39215
1.94968
0.486799
0.465589
0.469348
0.465589
0.474243
2.78808
3.15619
2.18043
0.517786
0.465589
0.469348
0.511714
0.441979
1.28995
2.47766
2.53138
5.6649
0.486023
0.469348
0.484073
0.465589
0.509875
0.651959
0.772135
0.637522
1.31248
0.767835
0.971114
1.05039
0.92619
1.17906
0.637522
0.70761
0.783963
0.805551
1.31248
1.14525
2.25389
1.52377
0.648177
0.637522
0.894164
0.783963
0.865709
0.94964
0.954943
4.35065
3.85199
0.641303
0.720381
0.767835
0.900787
0.938137
1.05039
1.19146
1.44472
0.651959
0.766936
0.665312
0.767835
0.848997
0.932618
0.946167
1.9183
1.98881
1.50037
1.48595
1.15219
1.18897
0.996706
0.669968
0.592885
0.844429
0.539262
1.0453
1.16609
1.18345
0.533165
0.536121
0.573033
0.608513
0.633438
2.72886
2.86027
1.23869
1.2104
0.895637
0.556096
0.463473
0.446295
0.810079
2.83874
1.42766
1.54914
0.480149
0.837344
0.442081
0.515343
0.54236
1.49529
2.66356
1.21673
2.04749
0.649832
0.477908
0.43594
0.588321
0.553295
0.38575
2.05609
0.926342
1.1158
0.406647
0.408147
0.471266
0.471266
0.568464
1.98457
1.94781
0.879898
0.519048
0.478012
0.471266
0.471266
0.568464
0.713218
2.64947
0.926342
0.830987
0.406647
0.687042
0.471266
0.406647
0.471266
1.04803
1.6558
0.876457
0.800298
0.406647
0.406647
0.406647
0.406647
1.19968
1.97114
2.90704
2.0032
0.616246
0.408147
0.406647
0.423569
0.423569
33.189
2.04857
1.46149
1.431
1.431
1.66716
1.3855
1.59785
4.12973
3.99261
3.99261
1.64167
19.3023
1.62008
1.62967
1.61636
1.3075
6.71157
1.49066
1.27143
1.53611
1.75805
1.70096
1.40178
1.54006
1.32379
2.09313
2.25198
2.05893
2.05124
1.58628
1.66186
2.07104
1.59503
30.0212
1.45754
2.08984
1.77477
1.9702
26.1187
1.52451
1.62967
1.49061
0.607647
0.578383
0.682707
0.765747
0.75432
0.448375
0.614642
0.369321
0.456288
1.01694
0.58272
0.819426
0.737703
0.593536
0.658995
0.537704
0.443587
0.655321
0.53071
0.58272
0.79169
0.871831
0.613204
0.809059
1.11579
0.613096
0.536911
0.625281
0.714752
0.830907
0.505999
0.545623
0.922484
0.578452
0.635383
0.660061
0.637162
0.954285
0.81132
0.605183
0.599687
0.502604
0.425232
0.528267
0.528267
0.528267
0.528267
0.528267
0.525493
0.520146
0.677588
0.472994
0.528267
0.528267
0.519851
0.528267
0.541287
0.556259
0.533927
0.497243
0.562318
0.534197
0.528267
0.528267
0.519851
0.522329
0.505677
0.51834
0.472278
0.536488
0.51788
0.5159
0.515445
0.486598
0.499929
0.457516
0.472994
0.511737
0.539371
0.562318
0.528267
0.528267
0.513914
0.479869
0.504377
0.497959
0.637329
0.687237
0.694936
0.721011
0.692914
0.662943
0.949568
0.459126
0.418274
0.767631
0.789998
0.789998
0.801646
0.746193
0.385029
0.42963
0.396493
0.672569
0.672569
0.816073
0.694936
0.692914
0.814051
0.949568
0.336332
0.351892
0.672569
0.694936
0.694936
0.655607
0.692914
0.373217
0.373217
0.435957
0.732391
0.809836
0.829744
0.789998
0.787976
0.692914
1.12568
1.12568
0.406462
9.02836
35.0589
39.2344
35.2591
3.44002
2.25896
2.15909
2.90536
1.83559
35.399
3.67795
10.7226
9.32203
3.61105
2.25896
2.08226
1.99249
25.3576
31.7076
2.5412
10.7226
2.03934
2.08226
2.08226
2.25896
2.42344
57.0648
10.7226
24.7802
4.49012
3.67547
2.08226
2.52445
1.83559
7.25303
10.7226
38.9883
44.0221
9.32203
5.54978
2.25896
2.03934
1.83559
1.64226
4.00078
1.13653
1.40491
0.560111
1.06245
0.584194
0.578633
0.614693
2.24903
3.95533
2.04307
0.559939
1.11853
0.608123
0.578461
0.578633
1.09634
1.09093
1.74386
2.21811
1.06071
0.608123
0.653016
0.556956
0.578633
4.138
5.14479
2.66687
1.14094
0.578461
0.839253
0.578461
0.578461
1.18691
2.31486
2.56946
1.25234
1.48233
0.653016
0.714715
0.578633
0.540324
45.4276
7.86006
2.39202
3.98809
9.55641
29.4189
3.35515
32.9605
7.70539
2.55576
2.39202
32.6047
49.0246
138.968
23.4222
25.3934
4.53497
2.39202
2.39202
2.66083
3.20245
58.788
107.469
5.90909
25.3934
7.70539
14.7217
24.3492
52.8642
138.968
18.8628
4.24317
48.7044
11.4969
2.30124
2.39202
4.2876
44.3628
88.8026
144.802
25.4528
25.3934
3.35515
0.727685
1.03516
1.08353
0.429627
0.444814
0.435353
0.433934
0.448032
0.439484
0.737921
0.953485
0.453583
0.448032
0.432845
0.464477
0.453583
0.489992
0.672233
1.20937
0.953485
0.508573
0.449752
0.433934
0.445433
0.617194
0.455402
0.745576
0.689941
0.449752
0.447152
0.449752
0.444814
0.575438
0.665669
0.767302
0.734071
0.982291
0.444775
0.453583
0.449752
0.447152
0.449752
0.429627
0.529776
0.535686
0.483517
0.51035
0.502336
0.51035
0.51035
0.483517
0.51035
0.494126
0.51035
0.483517
0.483517
0.51035
0.529776
0.494126
0.51035
0.51035
0.494126
0.51035
0.51035
0.483517
0.494126
0.494126
0.51035
0.494126
0.483076
0.535686
0.535686
0.535686
0.494126
0.491537
0.494126
0.51035
0.483517
0.535686
0.494126
0.51035
0.51035
0.51035
0.51035
0.51035
0.483517
32.3256
22.7021
5.86668
16.3298
12.7245
53.1913
25.7221
221.452
60.0646
14.7628
5.96568
128.417
164.876
479.589
129.547
203.696
70.3632
6.1237
11.1503
7.35068
12.2291
265.148
318.626
12.9582
271.416
81.4018
43.5863
114.38
101.696
364.77
287.576
25.8835
506.989
99.4201
40.603
5.82411
19.3216
86.5038
197.923
416.253
134.675
350.757
11.6
0.499798
0.499798
0.499798
0.499798
0.495641
0.495641
0.495641
0.495641
0.495641
0.499798
0.499798
0.499798
0.496462
0.495641
0.495641
0.495641
0.495641
0.499798
0.499798
0.499798
0.499798
0.496269
0.495641
0.495641
0.495641
0.495641
0.499798
0.499798
0.499798
0.495641
0.495641
0.496269
0.495641
0.495641
0.499798
0.499798
0.496462
0.496462
0.496269
0.496269
0.495641
0.495641
0.495641
1.25699
1.97523
2.12893
1.2413
0.648148
1.01907
0.894389
0.637251
0.605575
8.6586
1.66297
1.51497
0.763908
1.47614
1.84944
0.946851
0.595921
1.18541
5.99117
2.46501
1.02202
0.653171
0.778391
0.894389
0.637251
0.610201
10.5045
1.23438
1.46901
0.657797
1.47614
0.778103
1.46652
0.600547
1.25699
1.29956
1.45179
1.32741
0.768533
0.747983
1.84357
0.646905
0.658288
0.497558
0.4975
0.4975
0.4975
0.4975
0.4975
0.4975
0.4975
0.499051
0.4975
0.51375
0.4975
0.4975
0.4975
0.4975
0.4975
0.4975
0.4975
0.528571
0.528571
0.51375
0.4975
0.4975
0.4975
0.4975
0.508571
0.4975
0.4975
0.528571
0.4975
0.4975
0.4975
0.4975
0.508571
0.499051
0.4975
0.4975
0.4975
0.51375
0.4975
0.4975
0.4975
0.4975
0.5
0.496335
0.49625
0.49555
0.49555
0.49555
0.49555
0.49555
0.49555
0.496335
0.496308
0.49555
0.49555
0.49555
0.49555
0.49555
0.49555
0.496335
0.496335
0.496308
0.49555
0.49555
0.49555
0.49555
0.49555
0.49555
0.52
0.496308
0.49555
0.49555
0.49555
0.49555
0.49555
0.49555
0.496335
0.5
0.496308
0.49555
0.49555
0.49555
0.4975
0.49555
0.49555
1.14404
0.831883
1.70366
0.598556
0.596235
0.596235
0.54572
0.768368
0.81351
1.61654
0.854157
0.854157
1.07589
1.00387
1.46281
0.61109
0.515417
0.31571
0.332296
0.665609
0.657823
0.530865
0.698773
0.539494
1.03588
0.816831
0.730842
0.400052
0.596235
0.598556
0.615086
0.823363
0.606214
0.487787
0.499963
0.613059
0.78003
0.603432
1.08683
1.01425
1.91374
1.93491
0.512647
0.496272
0.496272
0.496272
0.496272
0.499981
0.499981
0.499981
0.495556
0.499981
0.496272
0.496272
0.496272
0.53
0.53
0.499981
0.53
0.53
0.496272
0.514167
0.496272
0.496327
0.499981
0.499981
0.499981
0.499981
0.499981
0.514167
0.496327
0.496272
0.499981
0.499981
0.499981
0.499981
0.499981
0.496272
0.496272
0.496272
0.496327
0.499981
0.499981
0.499981
0.499981
0.499981
1.04215
0.561653
0.919159
1.47463
0.418409
0.418409
0.418409
0.32295
0.418409
0.944093
3.22998
1.10977
1.71073
0.352155
0.44436
1.71073
1.71073
0.835546
1.03369
0.860779
0.939952
0.370895
0.418409
0.418409
0.339435
0.386949
1.62505
0.973478
0.991762
0.386949
0.418409
0.418409
0.418409
0.418409
0.784317
0.927536
1.33078
1.0905
0.366707
0.295033
0.418409
0.404442
0.386949
0.514547
0.51745
0.51745
0.478854
0.475536
0.484308
0.48625
0.48625
0.473123
0.548247
0.613474
0.51185
0.484308
0.48625
0.484308
0.484308
0.475536
0.50733
0.50733
0.506764
0.506764
0.475536
0.48625
0.48625
0.48625
0.48625
0.478854
0.548247
0.489124
0.475536
0.48625
0.484308
0.48625
0.484308
0.544068
0.529751
0.506764
0.496495
0.601133
0.477918
0.472939
0.484308
0.475536
0.495313
0.495652
0.495652
0.495652
0.495652
0.50375
0.50375
0.495652
0.495652
0.495652
0.495652
0.495652
0.50375
0.495652
0.495652
0.495652
0.495652
0.49625
0.495652
0.495652
0.495652
0.495652
0.495652
0.495652
0.495652
0.495652
0.50375
0.50375
0.50375
0.50375
0.495652
0.495652
0.495652
0.495652
0.513333
0.495652
0.495652
0.495652
0.495652
0.495652
0.495652
0.495652
0.495652
0.495833
0.50125
0.49826
0.49826
0.49826
0.49826
0.49826
0.49826
0.5075
0.49826
0.49826
0.504154
0.504255
0.504154
0.49826
0.49826
0.49826
0.495833
0.504154
0.504154
0.531429
0.49826
0.504154
0.49826
0.504154
0.49826
0.49826
0.497241
0.49826
0.504255
0.504154
0.504154
0.504255
0.49826
0.495833
0.49826
0.49826
0.504255
0.50125
0.50125
0.49826
0.504154
0.49826
0.5075
0.49625
0.52
0.52
0.52
0.49625
0.52
0.49625
0.52
0.496771
0.496771
0.49625
0.513333
0.504286
0.513333
0.49625
0.516667
0.505313
0.53
0.496771
0.505313
0.505313
0.495077
0.495077
0.505313
0.495077
0.496771
0.497636
0.496771
0.505313
0.496771
0.513333
0.513333
0.505313
0.495077
0.496771
0.495077
0.495077
0.495077
0.505313
0.511818
0.52
0.49625
0.499123
0.496374
0.496374
0.495556
0.495556
0.508611
0.499123
0.499123
0.499123
0.499123
0.496374
0.496374
0.496374
0.496374
0.508611
0.499123
0.499123
0.499123
0.496374
0.499123
0.499123
0.496374
0.496374
0.499123
0.496374
0.499123
0.496374
0.499123
0.508611
0.496374
0.496374
0.49625
0.499123
0.496374
0.499123
0.499123
0.499123
0.496374
0.499123
0.496374
0.499123
0.499123
0.499123
0.5075
0.496094
0.496094
0.496094
0.496094
0.496094
0.496094
0.496094
0.496944
0.496094
0.496094
0.496094
0.496094
0.516
0.496094
0.496094
0.496944
0.496121
0.496094
0.496094
0.496094
0.496094
0.496094
0.496094
0.496094
0.496944
0.496094
0.496094
0.496094
0.496094
0.496094
0.496094
0.496094
0.496094
0.496121
0.496094
0.496094
0.496094
0.496094
0.49625
0.496094
0.496094
0.496094
0.486957
0.486957
0.518497
0.518497
0.518497
0.518497
0.518497
0.518497
0.518497
0.518497
0.486957
0.518497
0.518497
0.518497
0.518497
0.518497
0.486957
0.518497
0.518497
0.518497
0.518497
0.486957
0.518497
0.518497
0.518497
0.518497
0.488459
0.488459
0.518497
0.518497
0.518497
0.518497
0.518497
0.518497
0.486957
0.518497
0.486957
0.518497
0.518497
0.518497
0.486376
0.486376
0.522388
0.495772
0.495772
0.495772
0.495936
0.495772
0.495936
0.495357
0.496931
0.495772
0.495772
0.496931
0.496931
0.495772
0.495936
0.495772
0.495772
0.495772
0.495772
0.496931
0.495772
0.499043
0.495772
0.51575
0.495357
0.495772
0.495772
0.496931
0.495772
0.495772
0.499043
0.499043
0.495936
0.495357
0.504
0.495772
0.499043
0.495735
0.495735
0.495735
0.495735
0.499605
0.495936
0.496931
